2954554
2059785
43616
15452
10569
2936136
2022805
1482083
1391746
889596
2269045
2052548
30074
25020
25008
22635
10976
2605707
2386777
2311997
1823729
827944
132003
25831
21357
17251
15980
12647
10146
2179982
2097953
1406556
1286037
1090508
220985
125819
59750
41665
25450
21618
21183
19016
19012
17637
17452
16917
16849
16821
16669
13791
12901
12661
12152
10780
1845139
1585239
1527571
1475435
1440433
1199152
875629
816315
757111
575283
507599
409709
373683
72588
68920
26050
19967
19126
18039
17518
10851
10475
1735720
1666101
1472371
1449537
1338561
1270770
1206008
1167957
1163771
1024632
1001482
986097
949542
935558
733492
616116
532835
532614
355049
325256
289685
264510
199873
77901
71772
50672
41772
41463
38972
26118
23585
23476
23398
23310
23148
21764
21044
20372
18866
17205
13683
13065
11424
1865498
1624270
1551730
1346325
1306129
1239924
1226703
1133699
1052154
788229
723274
697070
616882
445032
436404
417076
336254
268841
241614
241214
218005
141866
109986
102700
55831
51829
44385
43611
41877
41231
38524
34510
23943
22956
22320
22070
20473
18616
17171
15221
15162
14498
14002
13913
12467
12005
11986
11718
1227595
1150275
1140825
1108789
1107705
1100831
1098354
1091348
937426
916778
909034
807846
805190
734466
733679
653819
527027
472396
444902
435561
384589
373961
351712
337569
320999
284088
265797
262787
217186
211797
211239
201173
189052
178765
171778
170394
135528
131030
118969
90395
87459
77491
65770
52129
48165
44903
28551
28380
27398
24685
23439
22323
21686
21492
21371
20934
20836
20351
18070
17395
17136
16598
15068
14924
14566
14455
14099
13863
13487
13409
13389
13177
12079
12056
11775
11317
11066
10949
10750
10302
1627829
1608837
1498171
1232521
1219973
1133686
1090254
1087018
1073725
1002546
961451
946635
925730
911192
894718
836251
822834
804707
736088
712335
699732
653347
629014
599820
577967
575919
480724
464744
443163
380674
339201
287970
280582
262979
262787
226393
201775
195894
192757
184297
153799
141017
139079
137412
134345
133944
118351
110874
105786
105632
105225
101192
99929
98048
94624
88065
82700
80102
78121
74062
74006
73748
73346
64864
58863
57257
51663
46660
44708
44680
42429
41460
39296
39016
38370
38299
38068
34195
29096
28785
28361
25824
25742
25369
23942
22524
22403
22079
19846
18882
18495
18429
18182
18038
17997
17949
17793
17756
17723
17619
17461
17237
17070
16396
15326
14746
14663
14389
13871
13448
13354
12991
12905
11563
11058
10644
10504
10278
10165
1235077
1194646
1135342
1125540
1091689
1001526
968593
943275
903997
873805
864591
852363
836896
835817
825391
818049
751464
738382
736536
731878
677185
667106
642229
624803
613753
566515
565283
522696
509140
504552
501714
498571
465779
458785
451893
446611
436006
392438
386466
377594
367991
356772
348021
318609
294168
266929
257305
236942
234949
226293
221486
205634
202909
202516
191473
190831
189812
187196
185371
179458
173991
171060
167981
149350
129678
124921
123277
123182
122252
120574
117132
114557
113885
111764
107469
101691
100705
99919
90047
89872
88254
86060
83962
83186
81975
79496
76765
73667
73096
72073
70589
70416
68998
68690
68218
68004
67233
67181
66810
66748
65719
62306
59644
54499
53574
52627
51564
50753
49686
47887
44529
43114
40206
39906
39455
39063
38871
38839
37646
37348
36616
36548
36492
36227
35899
35812
34553
34081
33410
33094
32903
32150
31931
30978
29371
28263
27945
27582
27481
26822
26766
26647
26530
26421
26000
25963
25928
25323
24596
24536
23946
23414
23393
21487
20907
20605
20469
19715
18792
18713
18661
18451
17874
17692
17521
17016
16774
16437
16125
15423
15126
13978
13904
13637
13154
12783
12371
12169
11319
10144
1481030
1293112
1173786
945749
909404
890838
885493
864816
840370
837769
829845
821367
799928
714198
704930
697951
693810
687520
685139
664678
654942
595813
574448
561859
554650
485618
478072
463859
457862
425033
393230
338256
332934
296162
292371
281035
277350
256341
254947
242247
241784
235830
229150
210128
201372
200916
196891
186587
186496
173034
171911
170868
161094
149870
149688
147660
140670
140210
133285
133146
127012
112401
111152
110999
101332
101313
100392
100096
99449
99435
95367
87950
87750
86595
86032
81210
79575
78546
77123
73210
71681
70141
69961
69424
68055
67369
64177
63449
62910
61933
61034
60190
59940
58576
58523
57887
56985
56943
56416
56034
55857
55612
53388
51075
51059
49102
48643
48223
46810
45283
43580
41856
41728
41425
41384
40732
40207
39973
39574
39466
39372
39326
38549
37823
36732
36621
36137
35759
32384
32154
30227
29991
29830
29776
28606
28138
27596
26662
25680
25402
25178
25103
24440
24347
24062
23018
23006
22894
22599
22535
21920
21911
21238
21199
20261
20025
19668
18169
17520
16903
16882
16464
16385
16369
16137
15933
15913
15529
15328
15109
15081
14748
14593
14471
14399
14275
14218
13825
13785
13461
13417
13316
12829
12576
12356
12273
12177
12167
12037
11926
11490
11335
11310
11273
11104
11060
11017
11010
10974
10832
10648
10311
10291
1406116
1309565
1146965
833845
793011
791501
759119
754545
751751
725792
707585
675125
631549
624683
606859
606464
558185
537810
535377
526248
493936
469528
453139
446906
445092
402993
391237
383862
371095
353333
322680
298332
286669
284520
277466
250254
246416
238060
236020
217996
189102
183672
175478
169782
168431
168393
160774
157282
149204
145392
143255
133175
128425
118626
118482
117952
115698
115158
111812
109449
109070
106930
102762
99959
99920
92710
92406
91855
91623
88940
87771
84917
83196
82892
80992
79056
78966
78946
76734
75856
69376
64496
63887
62308
62178
61232
60313
59469
59238
59012
58842
58493
58089
58038
57334
55723
55457
55227
54349
53494
52529
50753
49251
48028
44434
41144
40934
38865
38594
38045
37671
37511
36400
35233
34741
34479
34109
33096
33092
32651
31951
31826
31798
31291
30837
30147
29921
29810
29722
29408
29313
29266
29131
28532
28227
28133
27822
26985
26513
25760
24647
23931
23830
23587
23425
23367
23353
23075
22845
22092
21692
20696
20686
19998
19414
19361
19227
17994
17642
16983
16486
16440
16077
16030
16006
15620
15215
15104
14869
14782
14649
14556
14425
14247
14076
13987
13795
13777
13755
13671
13414
13368
13176
13169
13031
13009
12965
12740
12434
12354
11794
11777
11734
11665
11629
11442
11334
11279
11158
11112
10941
10809
10619
10445
10267
10154
985919
887801
868314
825798
772932
754936
740039
730315
719255
718234
707187
699915
673485
650611
636256
619181
585317
584808
555168
543880
526789
514470
503927
499704
496450
483070
479177
466240
461327
461241
446642
440774
417714
398690
394676
393490
380931
371337
369942
344413
339552
336802
336479
326969
325554