1994
1972
1975
1993
2021
2008
2003
1993
1974
1957
1994
2001
2016
1976
1975
2016
1976
2010
1999
1994
2002
1966
2023
2021
1976
1982
2021
1984
2011
2014
1999
1980
1990
1975
2021
2020
2022
2022
1987
1984
1976
2018
1977
1978
2006
1980
2018
2020
1985
2022
1993
2021
1978
1985
1995
1991
1998
1977
1999
1991
2001
2002
1997
2022
1946
2023
1954
1962
2023
2003
2005
1977
1996
2000
2022
1973
2012
2000
2006
2006
1985
1994
1998
1994
1995
2014
2019
1979
2011
2002
1960
1942
2024
1954
1968
1988
1988
1936
1931
2010
2022
2024
2008
1992
2018
2021
2003
2019
1964
2023
2009
1977
1960
1979
2019
1977
1991
2019
1980
2012
2009
2019
2000
2019
2018
2008
1980
1981
1986
1979
2018
2017
2009
1984
2006
2016
1981
1940
1950
1957
1957
2018
1985
1963
2009
2019
2023
2021
2024
2011
2019
2014
2004
2004
2015
2018
1954
1959
2018
1965
1975
2002
1976
2015
1987
2020
2004
1999
2009
1983
1992
1995
2004
1997
1995
1983
2000
2010
2023
2001
1995
1968
2003
1964
1941
1997
1958
1984
2012
1959
1962
1962
1973
1952
2011
2016
2010
2007
1960
1927
1948
1931
1944
2020
2021
2020
1952
1961
2022
2019
2018
2021
2013
1929
1994
2018
2015
2014
2005
1965
1945
2021
1994
2015
1957
2022
2019
1998
1969
2016
1983
2016
1967
2014
1967
2013
2023
1975
1971
1974
2013
1995
2022
2020
1986
2016
2002
2013
2005
2010
1998
2003
2003
1993
2007
1999
2001
1988
1976
2000
2021
1971
2013
1989
1987
2022
2006
2019
2007
1997
2018
1975
1995
1982
2004
1992
2004
1939
1959
1965
1980
1963
2009
2020
2019
1954
1950
2022
1950
1985
1921
1948
1961
2017
2016
2012
2018
2022
2018
2004
2015
2005
2011
1997
2010
2020
2000
2019
2012
2013
2018
1924
2019
2017
2022
2022
2017
1982
2012
1955
2018
2012
2014
2016
1975
2016
1952
2018
2021
1956
2006
1990
2024
1950
1960
1949
1973
1996
1990
2019
2023
2016
2012
1955
1980
2004
1957
2017
2016
2012
1956
2005
1932
2008
2019
2014
2018
1991
1962
1994
1959
1964
1977
1977
2006
2013
2003
2005
2015
2002
2014
2001
2011
1984
2014
1998
2017
2007
1982
2015
2008
2010
2013
1996
1996
2004
1975
2007
1976
1998
2016
2017
1989
2013
2015
2011
2011
2019
1973
2015
1986
1986
1939
1988
1980
2004
1978
1974
1995
2009
2004
1965
1959
1957
1999
2003
2014
2014
1995
1957
1967
1993
2009
1975
1949
2016
1976
2000
1954
1940
1959
1984
2006
1939
2001
1925
1957
1934
2019
1994
2016
1940
2015
1926
2003
2021
2012
2007
1962
2008
2020
2018
2001
2013
1996
1946
1953
1955
2013
1930
1982
1953
1966
1997
2012
2012
2020
1928
1975
1927
1973
1957
1976
2012
2013
2010
1942
1958
1948
1951
1937
2015
1978
2012
2019
1955
1928
2005
1949
2019
1991
1971
2021
1993
1960
1988
2022
2015
1969
2014
2000
1998
1986
2019
1999
2014
1969
1988
1961
1953
1951
2004
2002
2003
1992
2013
1991
1923
2005
2017
1962
1978
1997
1987
2011
1970
2019
1999
2005
1949
2002
1926
2022
1977
2023
2015
1996
1992
1995
2019
2010
2011
2014
2002
1943
2021
2012
2014
2016
2015
2021
2015
2008
2001
2010
2014
2004
2004
2005
2010
2006
1993
2016
2017
2013
2007
1995
2006
2006
2016
1988
1991
1992
2003
1987
1979
2020
1992
1999
1990
1967
1977
1975
2000
2016
1968
1982
2008
1969
1988
1968
2005
2016
1986
1984
1991
1974
2021
2003
1953
2002
1979
2015
1973
1966
2002
1963
2007
1958
2007
2007
1997
1955
1996
1994
1999
1998
2010
2003
1982
2004
1966
1960
1995
2007
1959
1920
1998
2016
1959
2004
1954
2014
1962
2014
1995
2008
1967
2013
2014
2014
1966
1998
1957
2014
2013
1994
2008
1971
2001
2006
2016
1971
1996
2014
1945
1998
1962
1947
2015
2004
1962
1949
2020
1982
2001
2020
1940
2003
2007
1987
1957
1962
2009
2004
1960
2014
1974
1945
2023
2018
2013
1963
2018
1946
1942
1973
1964
1974
1986
2021
2023
2011
1988
1952
2006
1994
2003
2024
2004
2015
2009
2019
2014
2022
2014
1943
2000
2002
2008
2009
2006
2022
1924
1968
2021
1999
1982
1980
1921
1960
2021
2021
2024
1970
1928
2015
1952
2008
2005
2003
2001
2016
2014
1975
1998
2011
1982
2019
1969
2020
2011
1962
1924
2003
2023
2018
2023
2005
2009
1997
2008
2017
2019
2016
2014
2014
2001
2009
2004
2012
1999
2009
2018
2004
2012
2006
1990
2013
2003
2008
2019
2021
1982
2023
2001
1993
2014
2019
2008
2000
1997
2000
2009
2011
1993
1964
1993
1980
2002
2017
2013
1983
1941
2023
1995
1948
1984
1960
1951
2014
1976
2002
2000
2010
1951
1989
1952
1970
1946
2012
2016
1956
1972
2013
1933
1946
1969
2018
1961
1967
1965
1971
1962
1956
1987
1979
2003
1944
2010
2022
2007
1925
2023
2015
2007
1953
2016
2004
1950
2004
2009
2000
2019
2017
1947
1938
1958
1975
1944
1972
2001
2003
2019
2013
1945
1980
2018
2019
1972
1994
1950
1993
1968
1970
1997
2017
1934
2009
1986
1939
2024
2024
1983
1953
1967
1963
2018
1958
1970
1945
1941
1946
2017
2014
1961
1936
1988
2009
1961
2013
2016
1938
1969
1961
1985
2024
1964
2008
1958
1966
1964
2021
1942
1996
2008
1997
1958
2008
1932
1998
1939
2007
2022
1950
2022
2021
1998
2007
2012
1961
1985
2000
1986
1948
1933
1974
2015
1950
2007
1941
2024
2019
2016
2013
1958
1977
2001
1966
1958
1996
1939
2020
1976
1995
1953
2008
1937
2012
2006
1966
2005
2007
1988
1967
2015
2012
2016
2022
2010
2017
2012
2017
2011
2013
2008
2016
2015
2000
2004
2014
2002
1989
2022
2007
2006
2014
2011
2013
2015
2001
2003
1987
2007
1984
1985
2019
2019
2013
1986
2010
2009
2014
2012
2024
2005
2006
1987
2017
1993